mask_weared_incorrect 0.0221 382 155 393 169
mask_weared_incorrect 0.0084 108 27 163 89
mask_weared_incorrect 0.0019 396 152 400 172
with_mask 0.9932 105 26 166 93
with_mask 0.0338 396 152 400 172
with_mask 0.0272 396 65 400 90
with_mask 0.0080 394 148 400 177
with_mask 0.0060 395 59 400 96
with_mask 0.0039 382 155 393 169
with_mask 0.0034 76 44 82 50
with_mask 0.0029 396 53 399 72
with_mask 0.0019 0 163 4 173
with_mask 0.0012 347 18 353 26
without_mask 0.8039 382 155 393 169
without_mask 0.0058 396 152 400 172
without_mask 0.0023 108 27 163 89
without_mask 0.0020 382 159 391 172
without_mask 0.0013 0 163 4 173
