mask_weared_incorrect 0.0109 114 144 204 260
mask_weared_incorrect 0.0014 232 131 308 200
with_mask 0.9926 109 139 214 265
with_mask 0.0061 232 131 308 200
with_mask 0.0035 319 99 347 174
with_mask 0.0032 315 339 346 406
with_mask 0.0022 226 109 309 237
with_mask 0.0018 279 115 315 174
with_mask 0.0017 317 165 347 232
with_mask 0.0011 126 142 211 219
with_mask 0.0011 321 194 349 266
without_mask 0.0295 232 131 308 200
without_mask 0.0077 226 109 309 237
without_mask 0.0043 289 153 315 245
without_mask 0.0035 285 179 311 277
without_mask 0.0023 114 144 204 260
without_mask 0.0022 238 189 311 274
without_mask 0.0022 283 126 314 211
without_mask 0.0015 271 117 322 223
without_mask 0.0011 279 115 315 174
