mask_weared_incorrect 0.0255 342 146 376 182
mask_weared_incorrect 0.0071 257 149 286 182
mask_weared_incorrect 0.0023 149 107 189 146
mask_weared_incorrect 0.0013 43 52 80 98
with_mask 0.9967 342 141 375 178
with_mask 0.9956 145 107 184 145
with_mask 0.9917 254 148 288 182
with_mask 0.7590 43 52 80 98
with_mask 0.7380 203 110 239 153
with_mask 0.0045 396 162 400 191
with_mask 0.0016 394 127 399 163
with_mask 0.0014 387 139 399 203
with_mask 0.0012 395 163 400 201
without_mask 0.0097 342 146 376 182
without_mask 0.0034 149 107 189 146
without_mask 0.0033 257 152 286 180
without_mask 0.0015 43 52 80 98
without_mask 0.0012 202 112 239 156
