mask_weared_incorrect 0.0044 251 146 291 178
mask_weared_incorrect 0.0038 339 146 377 182
mask_weared_incorrect 0.0035 43 48 81 95
mask_weared_incorrect 0.0018 199 111 239 158
mask_weared_incorrect 0.0017 142 111 185 156
with_mask 0.9995 340 143 375 178
with_mask 0.9960 147 108 183 143
with_mask 0.9945 41 54 79 97
with_mask 0.9858 253 149 291 179
with_mask 0.9161 199 111 239 158
with_mask 0.0110 204 115 236 144
with_mask 0.0048 1 45 38 107
with_mask 0.0034 392 113 399 175
with_mask 0.0030 385 103 400 178
with_mask 0.0023 0 256 4 267
with_mask 0.0022 243 143 276 176
with_mask 0.0013 396 169 400 195
with_mask 0.0011 0 33 25 122
with_mask 0.0010 193 120 262 270
with_mask 0.0010 82 121 126 214
without_mask 0.0018 142 111 185 156
without_mask 0.0015 339 146 377 182
without_mask 0.0010 1 6 39 63
