mask_weared_incorrect 0.0253 270 63 371 161
mask_weared_incorrect 0.0024 359 8 392 42
mask_weared_incorrect 0.0013 33 102 91 159
with_mask 0.9954 360 9 393 43
with_mask 0.9870 280 75 364 166
with_mask 0.9775 80 42 119 86
with_mask 0.9771 30 101 89 160
with_mask 0.9638 140 67 193 124
with_mask 0.0104 129 34 152 65
with_mask 0.0023 252 13 287 48
with_mask 0.0015 378 69 399 182
with_mask 0.0014 393 106 399 166
with_mask 0.0014 319 189 390 334
with_mask 0.0013 233 61 376 156
with_mask 0.0012 333 215 383 304
without_mask 0.0033 273 71 369 174
without_mask 0.0020 228 52 249 107
without_mask 0.0019 378 60 400 162
