mask_weared_incorrect 0.0824 198 182 238 220
mask_weared_incorrect 0.0211 27 181 66 217
mask_weared_incorrect 0.0179 261 166 273 182
mask_weared_incorrect 0.0117 255 173 270 188
mask_weared_incorrect 0.0093 284 200 315 232
mask_weared_incorrect 0.0039 101 163 138 208
mask_weared_incorrect 0.0028 335 189 361 214
mask_weared_incorrect 0.0024 226 182 248 208
mask_weared_incorrect 0.0021 46 166 73 192
mask_weared_incorrect 0.0018 179 150 201 172
mask_weared_incorrect 0.0013 251 170 267 185
with_mask 0.9974 334 187 360 210
with_mask 0.9971 27 183 61 216
with_mask 0.9970 103 174 139 208
with_mask 0.9946 283 202 314 234
with_mask 0.9502 53 162 75 190
with_mask 0.9435 200 188 235 222
with_mask 0.8074 179 150 201 172
with_mask 0.6139 232 180 247 206
with_mask 0.2651 251 174 268 188
with_mask 0.0260 261 166 273 182
with_mask 0.0167 43 164 74 200
with_mask 0.0052 222 182 250 213
with_mask 0.0033 290 182 312 197
with_mask 0.0020 257 175 268 186
with_mask 0.0017 152 171 194 214
with_mask 0.0017 254 163 272 189
with_mask 0.0014 276 199 298 228
with_mask 0.0013 0 56 7 107
with_mask 0.0013 262 197 283 226
without_mask 0.0945 261 166 273 182
without_mask 0.0144 264 163 272 175
without_mask 0.0085 289 181 308 197
without_mask 0.0069 197 188 232 224
without_mask 0.0068 255 173 270 188
without_mask 0.0044 266 164 273 180
without_mask 0.0043 28 186 64 218
without_mask 0.0016 251 170 267 185
without_mask 0.0010 46 166 73 192
