mask_weared_incorrect 0.0110 261 105 278 125
mask_weared_incorrect 0.0080 106 97 125 114
mask_weared_incorrect 0.0038 339 139 355 166
mask_weared_incorrect 0.0025 15 123 45 160
mask_weared_incorrect 0.0025 87 153 113 185
mask_weared_incorrect 0.0025 131 82 148 102
mask_weared_incorrect 0.0025 30 210 71 269
mask_weared_incorrect 0.0024 229 65 250 91
mask_weared_incorrect 0.0024 190 110 207 134
mask_weared_incorrect 0.0022 210 80 231 102
mask_weared_incorrect 0.0018 301 119 316 140
with_mask 0.9969 19 124 48 160
with_mask 0.9955 87 152 114 187
with_mask 0.9719 261 105 278 125
with_mask 0.9542 131 82 148 102
with_mask 0.8803 104 98 124 114
with_mask 0.8042 212 80 230 101
with_mask 0.6815 339 139 355 166
with_mask 0.5206 30 214 71 270
with_mask 0.4206 192 109 209 135
with_mask 0.4025 301 120 315 138
with_mask 0.1129 157 81 170 95
with_mask 0.1003 230 69 247 92
with_mask 0.0435 394 43 399 58
with_mask 0.0237 335 135 356 175
with_mask 0.0212 62 90 79 105
with_mask 0.0135 61 137 73 154
with_mask 0.0135 395 52 400 70
with_mask 0.0124 295 117 316 142
with_mask 0.0097 297 22 323 41
with_mask 0.0072 54 141 73 172
with_mask 0.0050 125 38 161 92
with_mask 0.0038 65 135 75 155
with_mask 0.0038 394 27 400 42
with_mask 0.0037 390 23 400 40
with_mask 0.0036 381 45 397 58
with_mask 0.0029 188 106 214 140
with_mask 0.0020 0 53 2 68
with_mask 0.0020 369 162 377 170
with_mask 0.0020 0 234 2 272
with_mask 0.0013 206 77 234 107
with_mask 0.0012 48 138 69 168
with_mask 0.0012 384 47 395 55
with_mask 0.0012 372 38 388 50
with_mask 0.0012 392 39 400 56
with_mask 0.0011 0 233 5 285
with_mask 0.0011 337 149 351 166
with_mask 0.0010 304 122 313 135
without_mask 0.0031 242 51 253 68
without_mask 0.0010 230 69 247 92
