mask_weared_incorrect 0.0432 173 111 185 120
mask_weared_incorrect 0.0291 371 113 384 124
mask_weared_incorrect 0.0166 211 104 217 111
mask_weared_incorrect 0.0153 199 107 204 113
mask_weared_incorrect 0.0137 24 85 40 104
mask_weared_incorrect 0.0108 53 83 80 108
mask_weared_incorrect 0.0064 228 83 257 112
mask_weared_incorrect 0.0038 0 100 4 117
mask_weared_incorrect 0.0033 0 96 4 110
mask_weared_incorrect 0.0017 303 62 345 103
mask_weared_incorrect 0.0012 150 80 170 106
mask_weared_incorrect 0.0010 214 113 219 123
with_mask 0.9783 228 79 259 111
with_mask 0.9726 25 86 39 102
with_mask 0.9688 303 60 345 101
with_mask 0.9324 53 83 80 108
with_mask 0.8822 199 107 204 113
with_mask 0.7268 150 80 170 106
with_mask 0.6595 369 113 382 123
with_mask 0.3565 211 104 217 111
with_mask 0.1101 372 114 386 128
with_mask 0.0883 174 110 184 119
with_mask 0.0874 0 100 4 117
with_mask 0.0646 215 118 220 125
with_mask 0.0432 214 113 219 123
with_mask 0.0287 0 96 4 110
with_mask 0.0151 146 38 167 72
with_mask 0.0139 380 114 392 129
with_mask 0.0135 196 107 202 113
with_mask 0.0096 396 107 400 125
with_mask 0.0065 210 101 216 107
with_mask 0.0065 381 113 390 124
with_mask 0.0062 163 107 171 114
with_mask 0.0051 161 110 172 118
with_mask 0.0039 366 110 383 127
with_mask 0.0038 0 102 2 128
with_mask 0.0032 200 109 206 117
with_mask 0.0028 183 106 189 113
with_mask 0.0028 0 100 5 130
with_mask 0.0024 0 96 8 124
with_mask 0.0022 370 115 380 126
with_mask 0.0019 0 114 1 149
with_mask 0.0018 176 108 186 115
with_mask 0.0017 210 110 217 118
with_mask 0.0016 159 108 173 121
with_mask 0.0014 47 87 73 113
with_mask 0.0014 199 101 205 107
with_mask 0.0014 209 102 219 114
with_mask 0.0013 142 34 176 81
with_mask 0.0010 0 94 7 112
with_mask 0.0010 40 90 57 112
without_mask 0.7707 174 110 184 119
without_mask 0.0569 211 104 217 111
without_mask 0.0351 199 107 204 113
without_mask 0.0172 0 96 4 110
without_mask 0.0120 176 108 186 115
without_mask 0.0082 371 113 384 124
without_mask 0.0070 163 107 171 114
without_mask 0.0057 210 101 216 107
without_mask 0.0049 169 110 180 119
without_mask 0.0048 196 107 202 113
without_mask 0.0041 396 107 400 125
without_mask 0.0033 381 113 390 124
without_mask 0.0032 315 43 325 52
without_mask 0.0027 312 41 328 54
without_mask 0.0026 173 108 187 126
without_mask 0.0025 215 118 220 125
without_mask 0.0024 228 82 259 114
without_mask 0.0019 214 113 219 123
without_mask 0.0014 0 100 4 117
without_mask 0.0011 183 106 189 113
without_mask 0.0011 51 83 82 113
without_mask 0.0011 300 63 343 102
without_mask 0.0010 161 110 172 118
