mask_weared_incorrect 0.2712 382 155 393 170
mask_weared_incorrect 0.0041 106 24 166 94
mask_weared_incorrect 0.0028 395 157 400 170
mask_weared_incorrect 0.0027 394 159 401 176
mask_weared_incorrect 0.0018 0 146 4 156
with_mask 0.9212 106 23 165 94
with_mask 0.0848 382 155 393 169
with_mask 0.0178 256 37 263 45
with_mask 0.0164 0 146 4 156
with_mask 0.0136 394 160 400 174
with_mask 0.0130 395 157 400 170
with_mask 0.0128 166 38 178 52
with_mask 0.0054 -3 159 10 185
with_mask 0.0048 149 -3 164 13
with_mask 0.0045 -2 141 4 156
with_mask 0.0044 4 132 19 148
with_mask 0.0042 254 30 265 46
with_mask 0.0038 184 50 197 65
with_mask 0.0037 164 33 180 57
with_mask 0.0035 -4 155 15 198
with_mask 0.0033 181 261 189 273
with_mask 0.0031 393 161 402 180
with_mask 0.0027 392 60 400 94
with_mask 0.0025 380 156 394 175
with_mask 0.0021 350 211 398 262
with_mask 0.0020 154 23 180 67
with_mask 0.0017 181 260 192 280
with_mask 0.0015 378 158 390 172
with_mask 0.0015 5 155 27 188
with_mask 0.0013 -6 117 8 146
with_mask 0.0012 389 233 402 268
with_mask 0.0012 182 47 200 73
with_mask 0.0012 2 128 23 153
with_mask 0.0012 144 -13 169 21
with_mask 0.0011 391 52 402 103
with_mask 0.0010 391 155 404 187
without_mask 0.6223 382 156 392 169
without_mask 0.0333 181 261 189 273
without_mask 0.0087 0 146 4 156
without_mask 0.0078 5 131 19 146
without_mask 0.0077 181 260 192 280
without_mask 0.0066 395 157 400 170
without_mask 0.0057 256 37 263 45
without_mask 0.0055 394 160 400 174
without_mask 0.0041 380 156 394 175
without_mask 0.0032 -2 141 4 156
without_mask 0.0029 177 254 195 282
without_mask 0.0028 254 30 265 46
without_mask 0.0019 105 23 166 94
without_mask 0.0017 378 158 390 172
without_mask 0.0010 184 50 197 65
without_mask 0.0010 371 150 390 175
