mask_weared_incorrect 0.0099 102 286 141 315
mask_weared_incorrect 0.0026 117 93 150 120
mask_weared_incorrect 0.0021 89 125 223 285
mask_weared_incorrect 0.0019 99 279 130 308
with_mask 0.0132 255 373 295 399
with_mask 0.0080 102 286 141 315
with_mask 0.0062 160 374 231 398
with_mask 0.0040 99 279 130 308
with_mask 0.0033 244 352 305 407
with_mask 0.0029 117 93 150 120
with_mask 0.0021 155 361 235 410
with_mask 0.0020 107 92 128 131
with_mask 0.0015 91 114 225 257
with_mask 0.0014 84 272 153 326
with_mask 0.0010 98 172 211 312
with_mask 0.0010 97 280 139 332
without_mask 0.8891 85 121 225 302
without_mask 0.0134 102 281 141 312
without_mask 0.0120 117 93 150 120
without_mask 0.0060 115 91 161 131
without_mask 0.0047 100 279 128 306
without_mask 0.0019 91 172 188 312
without_mask 0.0012 97 84 175 137
without_mask 0.0011 109 86 139 128
without_mask 0.0010 101 126 198 250
