mask_weared_incorrect 0.0531 19 110 46 135
mask_weared_incorrect 0.0049 101 84 149 142
mask_weared_incorrect 0.0033 145 115 179 155
mask_weared_incorrect 0.0019 57 183 106 233
mask_weared_incorrect 0.0015 189 216 197 230
with_mask 0.9079 145 115 180 154
with_mask 0.8986 102 84 147 142
with_mask 0.1297 59 182 104 230
with_mask 0.0099 0 28 10 72
with_mask 0.0076 20 110 45 135
with_mask 0.0050 189 216 197 230
with_mask 0.0026 -2 19 14 65
with_mask 0.0021 382 201 403 257
with_mask 0.0020 55 150 125 251
with_mask 0.0018 9 113 21 137
with_mask 0.0017 143 100 190 164
with_mask 0.0016 383 203 400 231
with_mask 0.0015 -12 12 18 101
with_mask 0.0015 70 187 98 225
with_mask 0.0012 0 99 177 288
without_mask 0.9045 19 110 46 134
without_mask 0.0245 190 213 197 228
without_mask 0.0071 187 206 198 230
without_mask 0.0059 14 103 50 140
without_mask 0.0031 9 113 21 137
without_mask 0.0031 178 202 199 239
without_mask 0.0022 103 83 147 142
without_mask 0.0016 186 198 204 236
without_mask 0.0015 60 184 104 231
without_mask 0.0014 145 115 179 155
