mask_weared_incorrect 0.0032 224 69 265 111
with_mask 0.8958 225 70 264 111
with_mask 0.0032 316 189 329 203
with_mask 0.0030 70 64 92 90
with_mask 0.0019 313 189 330 212
with_mask 0.0016 -35 48 171 312
with_mask 0.0016 64 62 99 97
with_mask 0.0016 225 206 271 243
with_mask 0.0014 315 186 327 198
with_mask 0.0013 190 175 211 205
with_mask 0.0011 55 53 103 104
with_mask 0.0011 230 61 267 98
with_mask 0.0010 314 167 329 184
with_mask 0.0010 310 184 326 205
without_mask 0.0037 315 186 327 198
without_mask 0.0023 316 189 329 203
without_mask 0.0021 224 69 264 111
without_mask 0.0016 313 183 331 207
without_mask 0.0014 375 53 401 148
without_mask 0.0011 310 183 324 199
without_mask 0.0010 314 167 329 184
