mask_weared_incorrect 0.0275 180 140 218 189
mask_weared_incorrect 0.0097 94 314 104 328
mask_weared_incorrect 0.0081 348 0 393 64
mask_weared_incorrect 0.0022 393 134 399 170
mask_weared_incorrect 0.0022 301 42 307 49
mask_weared_incorrect 0.0013 106 1 116 15
mask_weared_incorrect 0.0013 96 27 103 37
mask_weared_incorrect 0.0013 370 148 382 178
with_mask 0.8507 179 138 217 190
with_mask 0.1381 94 314 104 327
with_mask 0.0504 344 0 391 65
with_mask 0.0346 97 27 102 37
with_mask 0.0329 370 152 383 181
with_mask 0.0150 287 7 295 18
with_mask 0.0129 151 390 169 403
with_mask 0.0120 391 136 400 178
with_mask 0.0105 377 140 392 189
with_mask 0.0105 275 1 286 13
with_mask 0.0091 394 136 399 167
with_mask 0.0090 113 1 124 13
with_mask 0.0086 301 42 307 49
with_mask 0.0086 389 142 401 203
with_mask 0.0072 221 11 230 23
with_mask 0.0068 283 6 294 19
with_mask 0.0066 57 176 69 197
with_mask 0.0062 199 152 288 345
with_mask 0.0062 106 1 116 15
with_mask 0.0053 240 174 293 329
with_mask 0.0053 177 7 184 16
with_mask 0.0051 -1 346 6 376
with_mask 0.0047 380 133 398 195
with_mask 0.0046 104 4 111 16
with_mask 0.0046 282 0 292 13
with_mask 0.0045 281 -2 294 16
with_mask 0.0043 373 116 403 196
with_mask 0.0042 182 117 193 129
with_mask 0.0040 0 24 6 39
with_mask 0.0040 112 -1 129 17
with_mask 0.0040 365 134 396 199
with_mask 0.0039 330 -8 404 87
with_mask 0.0038 286 -1 297 14
with_mask 0.0038 372 146 387 186
with_mask 0.0037 182 119 196 133
with_mask 0.0036 175 107 186 125
with_mask 0.0030 109 2 122 18
with_mask 0.0028 262 -1 280 13
with_mask 0.0027 269 205 300 321
with_mask 0.0026 189 -2 204 13
with_mask 0.0026 182 117 202 137
with_mask 0.0026 392 130 403 166
with_mask 0.0025 88 20 105 50
with_mask 0.0025 86 0 97 13
with_mask 0.0024 148 0 164 23
with_mask 0.0022 56 169 74 204
with_mask 0.0022 220 11 232 29
with_mask 0.0021 -3 337 8 377
with_mask 0.0021 185 186 259 340
with_mask 0.0021 273 0 288 21
with_mask 0.0021 146 383 171 405
with_mask 0.0020 284 -5 299 19
with_mask 0.0020 64 50 79 78
with_mask 0.0019 185 -5 208 17
with_mask 0.0018 168 125 219 204
with_mask 0.0018 84 3 97 19
with_mask 0.0018 83 -3 100 17
with_mask 0.0017 284 5 298 24
with_mask 0.0015 193 283 355 411
with_mask 0.0014 174 5 184 18
with_mask 0.0014 281 212 320 326
with_mask 0.0013 297 39 313 62
with_mask 0.0013 193 -2 208 10
with_mask 0.0012 156 352 218 397
with_mask 0.0012 101 2 115 20
with_mask 0.0011 -3 16 7 40
with_mask 0.0011 174 -3 191 10
with_mask 0.0011 133 370 183 402
with_mask 0.0011 142 334 224 418
with_mask 0.0010 323 -4 351 34
with_mask 0.0010 109 -5 132 29
with_mask 0.0010 188 350 226 412
with_mask 0.0010 276 -2 296 25
with_mask 0.0010 144 -5 169 30
with_mask 0.0010 92 15 107 41
with_mask 0.0010 87 309 105 338
without_mask 0.1112 301 42 307 49
without_mask 0.0164 177 7 184 16
without_mask 0.0163 348 0 393 64
without_mask 0.0152 94 314 104 328
without_mask 0.0123 0 24 6 39
without_mask 0.0119 107 2 115 13
without_mask 0.0111 104 2 112 14
without_mask 0.0084 297 39 313 62
without_mask 0.0083 180 140 218 189
without_mask 0.0077 177 2 186 12
without_mask 0.0076 64 50 79 78
without_mask 0.0075 96 27 103 37
without_mask 0.0065 113 1 124 13
without_mask 0.0059 182 117 193 129
without_mask 0.0052 221 11 230 23
without_mask 0.0052 174 5 184 18
without_mask 0.0039 186 8 197 26
without_mask 0.0038 -3 16 7 40
without_mask 0.0036 106 2 116 20
without_mask 0.0035 182 119 196 133
without_mask 0.0032 57 172 72 199
without_mask 0.0031 286 -1 297 14
without_mask 0.0029 299 39 309 53
without_mask 0.0029 170 -3 185 17
without_mask 0.0029 102 3 114 18
without_mask 0.0028 62 42 83 83
without_mask 0.0027 394 136 399 167
without_mask 0.0022 188 5 202 29
without_mask 0.0022 176 3 192 23
without_mask 0.0019 109 2 122 18
without_mask 0.0019 389 142 401 203
without_mask 0.0019 337 53 354 89
without_mask 0.0019 287 7 295 18
without_mask 0.0019 184 5 199 34
without_mask 0.0017 335 -11 397 91
without_mask 0.0016 84 3 97 19
without_mask 0.0014 175 107 186 125
without_mask 0.0014 284 -5 299 19
without_mask 0.0014 167 -11 190 26
without_mask 0.0014 370 149 382 177
without_mask 0.0013 -5 10 15 53
without_mask 0.0013 333 40 359 104
without_mask 0.0013 182 117 202 137
without_mask 0.0013 298 30 323 62
without_mask 0.0012 285 24 316 68
without_mask 0.0012 386 150 405 218
without_mask 0.0012 -4 266 8 307
without_mask 0.0012 86 0 97 13
without_mask 0.0011 391 136 400 178
without_mask 0.0011 -6 192 19 280
without_mask 0.0011 111 -3 124 11
without_mask 0.0011 67 -2 88 31
without_mask 0.0010 61 97 80 133
without_mask 0.0010 75 0 96 28
without_mask 0.0010 98 -1 115 17
