mask_weared_incorrect 0.0096 281 148 299 169
mask_weared_incorrect 0.0038 238 165 256 182
mask_weared_incorrect 0.0038 59 120 86 148
mask_weared_incorrect 0.0030 329 99 355 127
mask_weared_incorrect 0.0024 182 117 206 145
with_mask 0.9150 329 98 355 127
with_mask 0.9020 60 120 86 148
with_mask 0.8961 182 117 206 144
with_mask 0.8579 238 164 255 182
with_mask 0.7985 280 148 299 169
with_mask 0.0361 272 152 291 172
with_mask 0.0198 280 180 401 373
with_mask 0.0152 0 200 6 215
with_mask 0.0132 89 244 107 267
with_mask 0.0084 278 143 306 179
with_mask 0.0083 -2 199 8 221
with_mask 0.0029 233 157 259 190
with_mask 0.0026 83 225 114 281
with_mask 0.0026 357 282 404 389
with_mask 0.0025 295 128 316 154
with_mask 0.0025 315 78 370 138
with_mask 0.0024 304 189 385 305
with_mask 0.0023 374 135 399 178
with_mask 0.0021 322 199 411 424
with_mask 0.0019 342 139 403 261
with_mask 0.0018 370 121 404 191
with_mask 0.0018 174 106 214 150
with_mask 0.0017 68 250 119 382
with_mask 0.0016 160 251 204 365
with_mask 0.0015 -40 -71 216 207
with_mask 0.0013 316 83 352 127
with_mask 0.0013 266 134 321 189
with_mask 0.0012 367 143 396 190
with_mask 0.0012 -8 184 17 231
with_mask 0.0012 50 110 88 150
with_mask 0.0010 133 233 215 381
with_mask 0.0010 111 122 133 159
with_mask 0.0010 351 228 413 382
with_mask 0.0010 179 263 216 351
with_mask 0.0010 141 149 192 220
with_mask 0.0010 291 123 322 169
without_mask 0.0077 169 252 205 346
without_mask 0.0064 266 243 289 280
without_mask 0.0062 295 124 316 149
without_mask 0.0051 281 145 301 169
without_mask 0.0041 182 249 219 327
without_mask 0.0035 153 245 214 371
without_mask 0.0031 129 160 154 183
without_mask 0.0026 257 222 293 278
without_mask 0.0025 330 110 366 194
without_mask 0.0023 171 227 233 321
without_mask 0.0020 238 164 255 182
without_mask 0.0019 66 254 112 378
without_mask 0.0018 256 208 303 297
without_mask 0.0018 223 303 239 322
without_mask 0.0017 366 138 397 185
without_mask 0.0016 335 128 359 174
without_mask 0.0016 183 115 206 142
without_mask 0.0014 60 120 86 147
without_mask 0.0011 329 97 355 127
