mask_weared_incorrect 0.0161 105 25 129 64
mask_weared_incorrect 0.0041 221 42 250 75
mask_weared_incorrect 0.0013 295 99 303 113
mask_weared_incorrect 0.0010 346 110 354 121
with_mask 0.8820 220 42 250 74
with_mask 0.1157 345 110 355 121
with_mask 0.0397 295 99 303 113
with_mask 0.0315 18 91 25 97
with_mask 0.0201 323 86 330 93
with_mask 0.0194 0 104 6 121
with_mask 0.0122 190 102 204 118
with_mask 0.0116 293 96 301 107
with_mask 0.0114 16 88 26 98
with_mask 0.0092 349 110 358 120
with_mask 0.0090 341 104 357 122
with_mask 0.0069 0 86 10 102
with_mask 0.0068 102 23 127 61
with_mask 0.0068 292 95 304 110
with_mask 0.0067 293 96 305 117
with_mask 0.0067 297 97 305 106
with_mask 0.0066 33 113 52 138
with_mask 0.0064 322 82 331 93
with_mask 0.0060 13 88 24 100
with_mask 0.0060 196 98 205 111
with_mask 0.0056 193 97 207 115
with_mask 0.0045 0 98 9 122
with_mask 0.0042 297 95 309 108
with_mask 0.0041 30 108 58 145
with_mask 0.0036 0 109 5 128
with_mask 0.0036 198 95 204 105
with_mask 0.0034 196 93 206 107
with_mask 0.0031 184 101 208 126
with_mask 0.0027 -2 83 11 106
with_mask 0.0024 191 92 205 110
with_mask 0.0024 195 95 202 105
with_mask 0.0023 291 88 300 101
with_mask 0.0022 -2 99 12 130
with_mask 0.0020 290 82 302 97
with_mask 0.0019 301 93 312 107
with_mask 0.0018 317 79 330 99
with_mask 0.0018 184 91 203 121
with_mask 0.0018 186 97 199 114
with_mask 0.0017 301 97 312 111
with_mask 0.0016 294 89 315 118
with_mask 0.0012 -6 98 17 139
with_mask 0.0012 319 82 333 105
with_mask 0.0011 195 79 210 100
with_mask 0.0011 -1 109 6 138
with_mask 0.0010 334 99 365 142
with_mask 0.0010 -8 73 18 109
without_mask 0.8054 105 25 130 62
without_mask 0.0107 198 95 204 105
without_mask 0.0107 195 95 202 105
without_mask 0.0071 100 11 133 67
without_mask 0.0027 17 89 25 96
without_mask 0.0023 295 99 303 113
without_mask 0.0019 196 98 205 111
without_mask 0.0018 220 42 250 75
without_mask 0.0016 346 110 354 121
without_mask 0.0015 191 92 205 110
without_mask 0.0015 107 22 137 79
without_mask 0.0014 99 19 124 57
without_mask 0.0014 323 86 330 93
without_mask 0.0014 196 93 206 107
without_mask 0.0012 293 96 301 107
without_mask 0.0011 -1 85 9 104
without_mask 0.0011 98 -10 146 77
without_mask 0.0010 13 88 24 100
without_mask 0.0010 0 104 6 121
