mask_weared_incorrect 0.0057 14 77 42 104
mask_weared_incorrect 0.0017 288 89 316 125
with_mask 0.8944 14 77 41 105
with_mask 0.8886 288 89 316 125
with_mask 0.0180 176 182 191 198
with_mask 0.0130 0 203 6 217
with_mask 0.0085 303 124 315 135
with_mask 0.0056 164 174 198 206
with_mask 0.0051 5 69 43 113
with_mask 0.0032 0 201 8 226
with_mask 0.0030 -4 194 7 221
with_mask 0.0028 302 120 320 140
with_mask 0.0022 169 179 188 203
with_mask 0.0017 9 64 59 124
with_mask 0.0013 -7 188 18 233
with_mask 0.0012 280 85 321 138
with_mask 0.0011 0 27 55 121
with_mask 0.0011 -18 8 73 139
with_mask 0.0010 -40 -146 218 148
without_mask 0.0020 0 203 6 217
without_mask 0.0015 14 77 42 104
without_mask 0.0013 288 88 316 125
