mask_weared_incorrect 0.0230 50 96 109 156
mask_weared_incorrect 0.0077 280 93 359 179
mask_weared_incorrect 0.0015 197 211 202 219
with_mask 0.9028 52 96 107 157
with_mask 0.8996 283 92 358 179
with_mask 0.0406 197 211 202 219
with_mask 0.0145 195 212 203 222
with_mask 0.0045 246 79 261 111
with_mask 0.0039 143 134 397 421
with_mask 0.0036 192 208 204 224
with_mask 0.0029 385 214 398 243
with_mask 0.0024 342 76 383 175
with_mask 0.0014 241 71 269 124
with_mask 0.0013 198 162 340 391
with_mask 0.0012 367 79 404 195
with_mask 0.0011 338 97 369 178
without_mask 0.0039 197 211 202 219
without_mask 0.0036 50 96 109 156
without_mask 0.0033 278 91 360 177
without_mask 0.0018 385 214 398 243
without_mask 0.0016 192 208 204 224
without_mask 0.0010 195 212 203 222
