mask_weared_incorrect 0.6986 245 62 292 119
mask_weared_incorrect 0.0064 177 70 218 106
mask_weared_incorrect 0.0049 37 222 67 247
mask_weared_incorrect 0.0012 108 228 126 257
with_mask 0.9009 177 70 219 106
with_mask 0.8596 37 222 67 246
with_mask 0.6947 245 63 292 117
with_mask 0.0183 177 176 185 186
with_mask 0.0078 173 176 183 187
with_mask 0.0072 108 231 127 260
with_mask 0.0057 139 190 151 211
with_mask 0.0054 32 215 72 251
with_mask 0.0045 173 164 188 189
with_mask 0.0035 -1 172 9 213
with_mask 0.0026 -3 169 18 253
with_mask 0.0025 99 234 128 273
with_mask 0.0018 161 204 218 267
with_mask 0.0015 351 95 373 127
with_mask 0.0014 -4 163 12 229
with_mask 0.0012 173 172 188 197
with_mask 0.0010 68 235 104 276
without_mask 0.2096 245 63 292 118
without_mask 0.0030 177 70 218 106
without_mask 0.0018 139 190 151 211
without_mask 0.0018 37 222 67 246
without_mask 0.0018 109 228 126 256
