mask_weared_incorrect 0.0781 118 109 141 139
mask_weared_incorrect 0.0531 361 126 399 153
mask_weared_incorrect 0.0209 287 50 307 76
mask_weared_incorrect 0.0111 91 115 117 149
mask_weared_incorrect 0.0110 147 94 157 106
mask_weared_incorrect 0.0103 150 96 162 110
mask_weared_incorrect 0.0045 15 69 40 94
mask_weared_incorrect 0.0044 351 131 394 159
mask_weared_incorrect 0.0033 103 58 127 84
mask_weared_incorrect 0.0029 344 115 401 162
mask_weared_incorrect 0.0028 351 15 381 47
mask_weared_incorrect 0.0028 207 38 236 66
mask_weared_incorrect 0.0019 150 92 160 105
with_mask 0.9194 352 15 380 47
with_mask 0.9045 15 69 39 94
with_mask 0.8984 207 38 236 66
with_mask 0.8956 104 58 127 84
with_mask 0.8774 91 115 117 149
with_mask 0.0833 358 129 398 155
with_mask 0.0670 149 94 160 108
with_mask 0.0338 392 186 399 235
with_mask 0.0266 118 108 141 141
with_mask 0.0211 148 167 173 194
with_mask 0.0198 347 131 397 181
with_mask 0.0116 385 183 402 241
with_mask 0.0101 150 154 178 191
with_mask 0.0090 344 115 401 162
with_mask 0.0065 364 118 404 152
with_mask 0.0063 144 93 156 106
with_mask 0.0052 287 51 307 77
with_mask 0.0031 10 62 45 100
with_mask 0.0029 160 86 174 105
with_mask 0.0024 152 97 165 111
with_mask 0.0022 0 138 121 270
with_mask 0.0019 157 82 178 110
with_mask 0.0018 352 -8 386 45
with_mask 0.0018 32 126 48 149
with_mask 0.0017 260 53 282 86
with_mask 0.0017 99 53 132 90
with_mask 0.0013 377 161 404 246
with_mask 0.0013 390 180 401 223
with_mask 0.0012 167 86 185 109
with_mask 0.0012 334 100 413 256
with_mask 0.0011 256 45 290 91
with_mask 0.0011 132 135 196 212
with_mask 0.0011 56 131 78 155
with_mask 0.0010 204 30 247 78
with_mask 0.0010 134 98 153 125
with_mask 0.0010 151 92 169 116
without_mask 0.8718 287 51 308 75
without_mask 0.7999 118 107 142 139
without_mask 0.1862 149 94 160 108
without_mask 0.0293 359 128 398 155
without_mask 0.0260 153 93 167 109
without_mask 0.0133 266 148 287 192
without_mask 0.0124 90 113 118 149
without_mask 0.0053 282 44 312 82
without_mask 0.0052 66 136 82 155
without_mask 0.0045 367 121 402 151
without_mask 0.0040 63 128 83 151
without_mask 0.0035 134 98 153 125
without_mask 0.0031 56 131 78 155
without_mask 0.0031 259 116 297 211
without_mask 0.0031 111 96 141 148
without_mask 0.0030 151 92 169 116
without_mask 0.0028 149 125 166 154
without_mask 0.0017 344 115 401 162
without_mask 0.0014 352 15 381 47
without_mask 0.0013 15 71 39 96
without_mask 0.0013 77 125 95 153
without_mask 0.0012 276 41 324 93
without_mask 0.0011 77 138 92 158
without_mask 0.0011 104 58 127 84
without_mask 0.0011 160 86 174 105
without_mask 0.0010 148 117 174 163
without_mask 0.0010 239 99 318 230
without_mask 0.0010 350 132 388 158
without_mask 0.0010 207 38 236 66
