mask_weared_incorrect 0.0328 28 210 70 265
mask_weared_incorrect 0.0182 15 121 46 161
mask_weared_incorrect 0.0111 339 142 354 169
mask_weared_incorrect 0.0080 105 97 124 113
mask_weared_incorrect 0.0075 261 106 278 124
mask_weared_incorrect 0.0046 59 92 80 106
mask_weared_incorrect 0.0043 190 109 208 134
mask_weared_incorrect 0.0037 130 82 147 103
mask_weared_incorrect 0.0034 392 42 399 54
mask_weared_incorrect 0.0027 213 79 230 101
mask_weared_incorrect 0.0023 87 154 113 185
mask_weared_incorrect 0.0023 232 49 240 62
mask_weared_incorrect 0.0021 157 81 169 94
mask_weared_incorrect 0.0019 301 119 316 141
mask_weared_incorrect 0.0017 232 63 247 89
mask_weared_incorrect 0.0013 295 22 315 38
mask_weared_incorrect 0.0011 105 77 114 87
mask_weared_incorrect 0.0010 50 142 65 164
with_mask 0.8941 87 153 113 185
with_mask 0.8867 212 80 230 102
with_mask 0.8703 17 123 48 159
with_mask 0.8677 29 211 70 266
with_mask 0.8439 262 107 278 125
with_mask 0.8438 190 110 209 136
with_mask 0.8404 105 97 124 113
with_mask 0.8173 130 82 147 103
with_mask 0.7883 301 119 315 140
with_mask 0.7718 339 139 354 168
with_mask 0.3272 394 43 399 54
with_mask 0.2468 157 81 169 95
with_mask 0.2176 293 116 310 137
with_mask 0.1675 59 92 80 106
with_mask 0.1610 126 87 144 107
with_mask 0.0993 232 49 240 62
with_mask 0.0755 229 68 247 92
with_mask 0.0721 295 22 320 39
with_mask 0.0624 4 44 16 58
with_mask 0.0588 52 146 66 164
with_mask 0.0502 226 75 241 97
with_mask 0.0349 197 98 218 124
with_mask 0.0318 393 36 400 54
with_mask 0.0297 104 79 113 88
with_mask 0.0248 55 142 69 161
with_mask 0.0224 5 39 17 54
with_mask 0.0218 342 128 363 168
with_mask 0.0178 60 97 76 107
with_mask 0.0164 234 50 244 62
with_mask 0.0164 391 43 400 57
with_mask 0.0155 304 117 322 138
with_mask 0.0154 394 -4 399 16
with_mask 0.0121 60 142 71 157
with_mask 0.0094 0 43 18 69
with_mask 0.0086 384 41 397 55
with_mask 0.0082 0 240 7 272
with_mask 0.0082 0 27 7 39
with_mask 0.0082 231 48 244 66
with_mask 0.0081 334 99 363 119
with_mask 0.0075 231 58 246 79
with_mask 0.0070 61 139 73 154
with_mask 0.0067 332 129 352 173
with_mask 0.0066 392 -6 400 24
with_mask 0.0064 101 75 114 89
with_mask 0.0063 6 33 19 51
with_mask 0.0062 104 78 117 92
with_mask 0.0058 -2 22 9 40
with_mask 0.0055 298 115 318 146
with_mask 0.0054 338 128 372 188
with_mask 0.0054 60 83 87 107
with_mask 0.0054 229 45 238 59
with_mask 0.0051 392 22 401 48
with_mask 0.0046 154 80 166 98
with_mask 0.0045 155 80 174 103
with_mask 0.0044 338 130 355 161
with_mask 0.0043 246 53 258 67
with_mask 0.0043 241 51 255 69
with_mask 0.0043 49 105 61 117
with_mask 0.0043 0 31 21 60
with_mask 0.0041 250 96 268 118
with_mask 0.0040 52 141 74 170
with_mask 0.0037 258 104 273 127
with_mask 0.0035 221 45 241 72
with_mask 0.0034 387 -8 401 20
with_mask 0.0033 229 52 238 64
with_mask 0.0032 156 73 170 93
with_mask 0.0030 343 54 390 82
with_mask 0.0030 338 107 363 127
with_mask 0.0030 238 58 249 79
with_mask 0.0029 39 133 64 165
with_mask 0.0029 330 93 373 123
with_mask 0.0029 184 102 209 131
with_mask 0.0029 -1 238 12 276
with_mask 0.0025 57 138 69 155
with_mask 0.0025 228 48 240 69
with_mask 0.0025 47 102 64 120
with_mask 0.0024 233 39 253 66
with_mask 0.0024 338 62 393 93
with_mask 0.0023 31 17 43 31
with_mask 0.0021 267 97 288 123
with_mask 0.0020 291 11 322 36
with_mask 0.0020 61 138 78 160
with_mask 0.0020 66 103 77 117
with_mask 0.0020 290 111 315 151
with_mask 0.0019 335 107 350 121
with_mask 0.0019 29 28 39 40
with_mask 0.0019 385 18 403 53
with_mask 0.0017 31 24 42 37
with_mask 0.0017 145 61 173 103
with_mask 0.0016 53 73 89 112
with_mask 0.0016 55 128 77 157
with_mask 0.0016 331 43 401 106
with_mask 0.0015 341 139 359 177
with_mask 0.0015 377 43 394 66
with_mask 0.0015 284 17 318 43
with_mask 0.0015 256 106 280 133
with_mask 0.0014 234 49 249 71
with_mask 0.0014 227 55 247 89
with_mask 0.0014 12 35 35 62
with_mask 0.0014 36 63 98 124
without_mask 0.0072 29 28 39 40
without_mask 0.0064 28 210 70 265
without_mask 0.0062 339 142 354 169
without_mask 0.0061 15 121 46 161
without_mask 0.0052 392 42 399 54
without_mask 0.0039 40 199 68 242
without_mask 0.0036 31 24 42 37
without_mask 0.0035 232 49 240 62
without_mask 0.0032 261 105 278 125
without_mask 0.0031 104 98 123 114
without_mask 0.0028 59 92 80 106
without_mask 0.0027 157 83 168 95
without_mask 0.0026 327 153 349 184
without_mask 0.0026 45 201 65 231
without_mask 0.0025 105 77 114 87
without_mask 0.0025 243 53 254 66
without_mask 0.0024 190 109 208 134
without_mask 0.0022 232 63 247 89
without_mask 0.0022 301 119 316 141
without_mask 0.0021 384 41 397 55
without_mask 0.0020 238 58 249 79
without_mask 0.0019 131 83 147 103
without_mask 0.0018 51 143 65 163
without_mask 0.0017 55 134 72 160
without_mask 0.0016 295 24 317 38
without_mask 0.0016 57 138 69 155
without_mask 0.0015 27 21 41 42
without_mask 0.0015 212 80 230 103
without_mask 0.0014 234 50 244 62
without_mask 0.0013 60 97 76 107
without_mask 0.0013 378 41 394 60
without_mask 0.0012 50 197 70 235
without_mask 0.0011 87 154 113 185
without_mask 0.0011 4 43 17 58
without_mask 0.0011 240 46 255 66
without_mask 0.0010 233 50 249 79
