mask_weared_incorrect 0.4222 201 188 236 223
mask_weared_incorrect 0.0116 179 151 203 173
mask_weared_incorrect 0.0072 233 183 246 206
mask_weared_incorrect 0.0061 218 184 246 215
mask_weared_incorrect 0.0055 262 166 271 184
mask_weared_incorrect 0.0054 335 186 361 210
mask_weared_incorrect 0.0053 282 202 314 234
mask_weared_incorrect 0.0043 251 170 270 187
mask_weared_incorrect 0.0042 52 162 77 188
mask_weared_incorrect 0.0034 27 182 62 214
mask_weared_incorrect 0.0026 105 175 138 208
mask_weared_incorrect 0.0022 265 165 273 183
mask_weared_incorrect 0.0020 290 179 308 192
with_mask 0.9302 104 174 138 208
with_mask 0.9065 283 202 315 233
with_mask 0.9014 336 186 360 210
with_mask 0.8944 27 183 62 214
with_mask 0.8301 52 163 76 189
with_mask 0.7851 179 151 202 173
with_mask 0.7719 233 183 246 206
with_mask 0.7068 201 189 235 222
with_mask 0.5331 253 170 270 187
with_mask 0.1641 218 184 246 215
with_mask 0.0628 260 168 272 186
with_mask 0.0167 292 180 311 196
with_mask 0.0071 265 166 273 181
with_mask 0.0062 228 180 242 206
with_mask 0.0048 329 179 365 217
with_mask 0.0042 289 175 306 190
with_mask 0.0041 44 153 78 200
with_mask 0.0038 249 166 268 184
with_mask 0.0031 290 176 312 206
with_mask 0.0030 169 145 201 181
with_mask 0.0028 250 162 272 195
with_mask 0.0019 191 179 236 233
with_mask 0.0018 177 136 206 176
with_mask 0.0016 154 188 189 217
with_mask 0.0016 286 168 318 215
with_mask 0.0015 156 137 212 192
with_mask 0.0015 150 168 195 220
with_mask 0.0015 -5 -86 98 62
with_mask 0.0014 114 175 153 212
with_mask 0.0013 235 176 250 210
with_mask 0.0013 345 228 401 283
with_mask 0.0010 134 154 211 234
with_mask 0.0010 126 152 143 190
without_mask 0.0762 201 189 235 223
without_mask 0.0056 265 166 273 181
without_mask 0.0056 262 166 271 183
without_mask 0.0044 233 183 246 206
without_mask 0.0040 291 176 309 192
without_mask 0.0037 218 184 246 215
without_mask 0.0031 253 170 270 187
without_mask 0.0031 180 151 202 173
without_mask 0.0024 282 202 314 234
without_mask 0.0019 289 178 314 198
without_mask 0.0018 335 186 361 210
without_mask 0.0016 27 182 62 214
without_mask 0.0014 52 162 77 188
without_mask 0.0013 260 156 274 184
without_mask 0.0012 105 175 138 208
without_mask 0.0011 288 169 304 188
