mask_weared_incorrect 0.4682 206 44 268 109
mask_weared_incorrect 0.0848 118 46 169 94
mask_weared_incorrect 0.0012 361 158 401 232
with_mask 0.5933 206 46 268 108
with_mask 0.0167 361 158 401 232
with_mask 0.0122 116 46 168 95
with_mask 0.0056 392 76 400 115
with_mask 0.0031 390 74 403 124
with_mask 0.0022 157 59 192 141
with_mask 0.0018 357 139 412 259
with_mask 0.0017 65 94 209 272
with_mask 0.0015 386 80 400 117
with_mask 0.0012 344 211 367 251
with_mask 0.0012 372 177 398 223
with_mask 0.0011 379 59 407 131
with_mask 0.0010 53 125 280 311
without_mask 0.8691 116 45 169 95
without_mask 0.1287 206 45 268 109
without_mask 0.0053 342 77 364 102
without_mask 0.0020 361 158 401 232
without_mask 0.0019 129 50 158 91
without_mask 0.0017 340 68 371 109
