mask_weared_incorrect 0.0064 86 75 166 159
mask_weared_incorrect 0.0019 168 128 258 294
with_mask 0.9264 87 76 166 160
with_mask 0.1300 172 131 260 291
with_mask 0.0865 140 257 156 280
with_mask 0.0573 200 345 212 368
with_mask 0.0131 196 337 212 373
with_mask 0.0113 109 0 128 8
with_mask 0.0111 97 153 111 180
with_mask 0.0056 181 160 241 268
with_mask 0.0044 124 217 165 294
with_mask 0.0039 132 256 160 300
with_mask 0.0028 105 -2 132 13
with_mask 0.0027 93 144 114 186
with_mask 0.0024 176 128 301 370
with_mask 0.0020 144 257 160 284
with_mask 0.0020 141 251 164 291
with_mask 0.0019 192 323 219 377
with_mask 0.0018 102 295 119 321
with_mask 0.0017 186 320 227 399
with_mask 0.0017 102 140 140 177
with_mask 0.0015 114 107 270 317
with_mask 0.0014 138 246 159 280
with_mask 0.0010 87 138 121 194
with_mask 0.0010 163 -8 184 12
with_mask 0.0010 260 -15 336 86
without_mask 0.0029 86 75 166 159
without_mask 0.0025 171 121 198 162
without_mask 0.0015 173 135 252 274
without_mask 0.0015 164 110 206 175
without_mask 0.0011 201 344 211 365
