mask_weared_incorrect 0.0145 342 143 374 177
mask_weared_incorrect 0.0035 255 147 288 181
mask_weared_incorrect 0.0032 41 54 81 98
mask_weared_incorrect 0.0028 199 112 238 158
mask_weared_incorrect 0.0022 145 107 182 145
with_mask 0.9066 42 54 82 99
with_mask 0.8965 144 105 183 146
with_mask 0.8873 255 148 289 181
with_mask 0.8778 342 143 374 177
with_mask 0.7615 200 111 238 158
with_mask 0.0058 234 137 246 160
with_mask 0.0053 -1 31 37 110
with_mask 0.0025 233 131 249 166
with_mask 0.0024 340 130 382 182
with_mask 0.0019 -3 95 7 114
with_mask 0.0016 -3 19 48 136
with_mask 0.0014 184 85 250 165
with_mask 0.0014 386 99 407 160
with_mask 0.0010 205 101 248 174
with_mask 0.0010 332 130 393 203
without_mask 0.0040 342 140 375 176
without_mask 0.0022 255 147 288 181
without_mask 0.0020 42 54 81 99
without_mask 0.0014 145 106 183 145
without_mask 0.0013 200 110 238 157
