mask_weared_incorrect 0.1789 194 34 236 79
mask_weared_incorrect 0.1267 20 41 59 89
mask_weared_incorrect 0.0938 15 144 41 198
mask_weared_incorrect 0.0392 348 27 381 52
mask_weared_incorrect 0.0370 353 65 398 105
mask_weared_incorrect 0.0166 321 71 352 112
mask_weared_incorrect 0.0067 5 139 46 211
mask_weared_incorrect 0.0063 309 187 316 195
mask_weared_incorrect 0.0053 149 48 195 106
mask_weared_incorrect 0.0044 292 92 299 97
mask_weared_incorrect 0.0024 180 172 200 190
mask_weared_incorrect 0.0013 73 18 79 24
with_mask 0.9136 149 49 196 104
with_mask 0.5397 292 92 299 97
with_mask 0.2331 309 187 316 195
with_mask 0.0627 349 24 386 51
with_mask 0.0567 15 144 41 198
with_mask 0.0491 294 93 303 98
with_mask 0.0396 304 183 315 195
with_mask 0.0387 73 18 79 24
with_mask 0.0358 299 94 306 100
with_mask 0.0232 301 180 310 189
with_mask 0.0163 17 156 47 215
with_mask 0.0115 291 90 301 99
with_mask 0.0112 304 185 317 201
with_mask 0.0105 70 17 77 24
with_mask 0.0096 353 64 397 106
with_mask 0.0092 288 88 298 98
with_mask 0.0080 101 12 113 26
with_mask 0.0076 306 146 320 162
with_mask 0.0075 20 41 60 89
with_mask 0.0073 298 178 310 192
with_mask 0.0073 223 131 236 149
with_mask 0.0069 0 94 8 114
with_mask 0.0063 309 187 319 198
with_mask 0.0055 194 34 237 80
with_mask 0.0053 287 94 298 101
with_mask 0.0052 9 9 17 19
with_mask 0.0045 322 71 352 112
with_mask 0.0041 292 88 307 103
with_mask 0.0036 340 25 352 40
with_mask 0.0035 102 6 116 30
with_mask 0.0031 9 11 25 28
with_mask 0.0030 297 92 308 102
with_mask 0.0029 220 129 237 156
with_mask 0.0025 235 120 272 154
with_mask 0.0025 337 23 349 37
with_mask 0.0023 71 16 81 27
with_mask 0.0022 17 147 61 230
with_mask 0.0022 -3 84 11 115
with_mask 0.0021 77 104 88 122
with_mask 0.0019 9 7 23 23
with_mask 0.0018 19 138 41 178
with_mask 0.0017 285 92 300 103
with_mask 0.0016 74 101 93 128
with_mask 0.0015 354 23 379 40
with_mask 0.0015 71 100 85 115
with_mask 0.0015 12 146 34 186
with_mask 0.0014 294 176 310 200
with_mask 0.0013 1 132 67 257
with_mask 0.0013 179 175 199 191
with_mask 0.0013 337 20 357 46
with_mask 0.0013 231 99 278 159
with_mask 0.0012 65 11 80 34
with_mask 0.0012 1 138 35 201
with_mask 0.0012 8 5 34 34
with_mask 0.0011 69 105 86 126
with_mask 0.0011 300 178 318 209
with_mask 0.0010 74 99 89 118
with_mask 0.0010 182 165 201 188
with_mask 0.0010 346 15 393 71
with_mask 0.0010 172 165 208 209
with_mask 0.0010 216 115 240 164
with_mask 0.0010 334 138 399 226
with_mask 0.0010 181 169 206 194
without_mask 0.9160 194 34 237 79
without_mask 0.8875 353 64 397 106
without_mask 0.8751 19 42 59 89
without_mask 0.8687 321 71 353 112
without_mask 0.5096 347 27 380 55
without_mask 0.4329 16 144 40 197
without_mask 0.4026 179 172 201 190
without_mask 0.0221 8 150 34 199
without_mask 0.0184 309 186 317 196
without_mask 0.0152 178 163 205 193
without_mask 0.0130 5 139 46 211
without_mask 0.0105 172 165 208 209
without_mask 0.0089 223 131 235 149
without_mask 0.0062 76 102 88 117
without_mask 0.0055 73 103 84 115
without_mask 0.0053 26 144 42 186
without_mask 0.0050 293 93 299 97
without_mask 0.0047 9 9 17 19
without_mask 0.0040 73 18 79 24
without_mask 0.0034 159 150 231 215
without_mask 0.0033 6 29 60 104
without_mask 0.0027 299 94 306 100
without_mask 0.0025 344 25 366 62
without_mask 0.0025 183 156 220 203
without_mask 0.0024 220 129 237 156
without_mask 0.0024 342 21 374 73
without_mask 0.0024 149 50 195 104
without_mask 0.0022 136 139 243 240
without_mask 0.0021 294 93 303 98
without_mask 0.0021 341 43 373 68
without_mask 0.0020 70 98 83 112
without_mask 0.0020 69 139 93 198
without_mask 0.0019 190 17 247 90
without_mask 0.0017 67 94 87 117
without_mask 0.0016 352 21 383 42
without_mask 0.0015 70 17 77 24
without_mask 0.0015 74 97 87 113
without_mask 0.0013 301 180 310 189
without_mask 0.0012 75 103 92 125
without_mask 0.0012 -1 129 35 191
without_mask 0.0011 73 97 91 120
without_mask 0.0011 71 104 84 123
without_mask 0.0011 195 167 217 200
without_mask 0.0011 32 41 75 87
without_mask 0.0010 317 45 369 120
without_mask 0.0010 216 115 240 164
without_mask 0.0010 287 90 304 118
