mask_weared_incorrect 0.0100 108 157 210 266
with_mask 0.0289 44 315 51 321
with_mask 0.0215 44 317 51 324
with_mask 0.0186 51 317 63 325
with_mask 0.0108 47 315 59 322
with_mask 0.0094 40 315 47 322
with_mask 0.0064 38 317 47 326
with_mask 0.0050 49 315 65 327
with_mask 0.0037 42 315 53 326
with_mask 0.0028 109 143 207 258
with_mask 0.0018 36 314 49 329
with_mask 0.0013 38 310 57 327
with_mask 0.0013 49 313 73 335
with_mask 0.0011 49 318 64 334
with_mask 0.0011 52 259 239 410
with_mask 0.0011 31 312 44 331
without_mask 0.9448 107 161 212 282
without_mask 0.0042 121 172 177 273
without_mask 0.0034 51 317 63 325
without_mask 0.0032 44 315 51 321
without_mask 0.0029 44 317 51 324
without_mask 0.0013 121 155 197 247
without_mask 0.0010 47 315 59 322
without_mask 0.0010 40 315 47 322
