mask_weared_incorrect 0.0586 370 113 382 122
mask_weared_incorrect 0.0292 176 110 185 119
mask_weared_incorrect 0.0209 394 109 399 120
mask_weared_incorrect 0.0183 198 107 203 112
mask_weared_incorrect 0.0069 210 106 217 113
mask_weared_incorrect 0.0065 306 67 343 103
mask_weared_incorrect 0.0049 53 83 73 106
mask_weared_incorrect 0.0046 148 81 169 106
mask_weared_incorrect 0.0039 0 100 6 114
mask_weared_incorrect 0.0031 203 107 210 113
mask_weared_incorrect 0.0027 26 87 40 101
mask_weared_incorrect 0.0024 198 108 204 115
mask_weared_incorrect 0.0020 0 98 7 108
mask_weared_incorrect 0.0014 80 84 86 91
mask_weared_incorrect 0.0014 371 109 382 117
mask_weared_incorrect 0.0011 373 114 385 123
mask_weared_incorrect 0.0010 229 81 257 110
mask_weared_incorrect 0.0010 1 96 8 106
mask_weared_incorrect 0.0010 205 106 214 115
with_mask 0.9143 229 81 257 110
with_mask 0.8586 306 66 343 102
with_mask 0.8435 149 81 169 108
with_mask 0.7968 25 87 40 103
with_mask 0.4147 211 106 217 113
with_mask 0.2842 370 113 382 122
with_mask 0.1332 394 109 399 120
with_mask 0.1078 198 107 203 112
with_mask 0.1047 0 102 6 117
with_mask 0.0326 0 99 7 110
with_mask 0.0315 81 85 87 93
with_mask 0.0289 203 107 210 113
with_mask 0.0277 373 114 385 123
with_mask 0.0276 198 108 204 115
with_mask 0.0200 212 108 219 117
with_mask 0.0170 27 85 46 104
with_mask 0.0170 176 110 185 118
with_mask 0.0161 2 101 12 115
with_mask 0.0123 216 116 225 124
with_mask 0.0119 53 82 78 108
with_mask 0.0109 196 105 202 110
with_mask 0.0095 205 106 214 115
with_mask 0.0088 213 101 225 116
with_mask 0.0086 370 117 382 128
with_mask 0.0085 23 90 36 105
with_mask 0.0065 133 83 142 97
with_mask 0.0063 210 104 219 116
with_mask 0.0060 371 109 382 117
with_mask 0.0058 1 96 8 106
with_mask 0.0053 36 93 55 116
with_mask 0.0050 351 110 362 118
with_mask 0.0049 369 110 383 125
with_mask 0.0049 369 114 384 131
with_mask 0.0043 131 80 144 100
with_mask 0.0041 391 106 398 116
with_mask 0.0040 381 115 390 125
with_mask 0.0036 347 108 357 119
with_mask 0.0036 193 109 202 117
with_mask 0.0035 172 111 184 121
with_mask 0.0031 80 84 88 95
with_mask 0.0030 153 78 174 117
with_mask 0.0029 359 127 373 143
with_mask 0.0029 53 80 72 98
with_mask 0.0029 53 78 88 116
with_mask 0.0028 0 98 15 119
with_mask 0.0027 301 57 361 112
with_mask 0.0025 197 106 205 117
with_mask 0.0025 356 108 366 120
with_mask 0.0024 48 81 67 108
with_mask 0.0022 32 87 60 123
with_mask 0.0022 387 113 398 126
with_mask 0.0021 77 80 91 96
with_mask 0.0019 45 73 72 117
with_mask 0.0019 23 80 38 104
with_mask 0.0019 214 113 224 127
with_mask 0.0018 -9 95 13 135
with_mask 0.0017 36 93 48 108
with_mask 0.0015 -1 95 8 115
with_mask 0.0014 377 111 394 130
with_mask 0.0013 64 80 83 98
with_mask 0.0013 181 107 190 116
with_mask 0.0013 40 75 64 102
with_mask 0.0013 210 96 229 121
with_mask 0.0012 349 103 363 120
with_mask 0.0012 359 106 384 129
with_mask 0.0011 212 111 229 135
with_mask 0.0011 -1 103 11 125
with_mask 0.0011 344 101 358 121
with_mask 0.0010 355 122 378 149
with_mask 0.0010 392 106 401 124
with_mask 0.0010 294 62 331 93
without_mask 0.6739 175 110 186 120
without_mask 0.2430 198 107 203 112
without_mask 0.0489 370 113 382 122
without_mask 0.0327 394 109 399 120
without_mask 0.0238 198 108 204 115
without_mask 0.0213 371 109 382 117
without_mask 0.0175 196 105 202 110
without_mask 0.0136 53 80 72 98
without_mask 0.0135 80 84 86 91
without_mask 0.0109 0 98 7 108
without_mask 0.0095 203 107 210 113
without_mask 0.0086 210 106 217 113
without_mask 0.0066 197 105 204 115
without_mask 0.0047 55 82 77 107
without_mask 0.0043 181 107 190 116
without_mask 0.0043 1 96 8 106
without_mask 0.0038 0 100 6 114
without_mask 0.0036 169 115 183 134
without_mask 0.0033 205 106 214 115
without_mask 0.0029 146 80 165 109
without_mask 0.0024 167 110 186 140
without_mask 0.0022 25 87 40 103
without_mask 0.0021 373 114 385 123
without_mask 0.0020 306 66 342 102
without_mask 0.0020 310 32 330 59
without_mask 0.0017 171 109 192 133
without_mask 0.0017 61 79 80 100
without_mask 0.0016 181 104 202 127
without_mask 0.0015 79 83 87 93
without_mask 0.0015 162 104 193 141
without_mask 0.0014 193 109 202 117
without_mask 0.0013 46 76 72 103
without_mask 0.0012 2 101 12 115
without_mask 0.0012 366 105 378 118
without_mask 0.0012 170 99 203 150
without_mask 0.0012 133 83 142 97
without_mask 0.0012 195 103 203 112
without_mask 0.0011 216 116 225 124
without_mask 0.0011 391 106 398 116
without_mask 0.0011 58 74 85 105
without_mask 0.0010 386 195 404 236
without_mask 0.0010 213 101 225 116
