mask_weared_incorrect 0.0229 139 196 241 318
mask_weared_incorrect 0.0018 18 285 27 293
with_mask 0.0309 18 285 27 293
with_mask 0.0170 26 274 32 281
with_mask 0.0155 29 277 37 283
with_mask 0.0071 24 276 33 285
with_mask 0.0063 284 304 302 322
with_mask 0.0060 27 274 37 283
with_mask 0.0051 139 196 241 318
with_mask 0.0050 19 280 31 294
with_mask 0.0037 15 283 35 300
with_mask 0.0036 235 142 259 171
with_mask 0.0035 13 285 26 296
with_mask 0.0023 29 272 42 290
with_mask 0.0016 281 293 309 332
with_mask 0.0012 225 134 264 180
without_mask 0.9159 139 196 241 317
without_mask 0.0053 18 286 27 293
without_mask 0.0016 13 285 26 296
without_mask 0.0011 26 274 32 281
without_mask 0.0011 29 277 37 283
without_mask 0.0010 24 276 33 285
