mask_weared_incorrect 0.0096 195 102 236 147
mask_weared_incorrect 0.0054 310 113 375 178
mask_weared_incorrect 0.0022 311 123 353 169
with_mask 0.8810 195 102 238 149
with_mask 0.0198 299 110 387 192
with_mask 0.0168 302 123 366 176
with_mask 0.0125 0 95 13 149
with_mask 0.0062 0 105 8 144
with_mask 0.0057 306 128 343 173
with_mask 0.0043 -3 90 17 163
with_mask 0.0036 40 221 64 250
with_mask 0.0030 148 89 386 360
with_mask 0.0026 33 211 73 262
with_mask 0.0019 244 92 267 136
with_mask 0.0018 267 75 399 206
with_mask 0.0016 245 95 259 125
with_mask 0.0013 -45 41 177 295
with_mask 0.0012 389 105 403 165
with_mask 0.0011 319 87 405 219
with_mask 0.0010 211 136 327 351
without_mask 0.0047 195 101 239 149
without_mask 0.0036 308 122 355 170
without_mask 0.0016 307 117 378 187
without_mask 0.0012 295 86 399 193
without_mask 0.0012 320 102 371 168
