mask_weared_incorrect 0.7385 286 61 328 115
mask_weared_incorrect 0.0172 210 70 247 113
mask_weared_incorrect 0.0118 357 116 399 197
mask_weared_incorrect 0.0097 275 20 290 32
mask_weared_incorrect 0.0034 341 28 354 41
mask_weared_incorrect 0.0027 266 23 279 33
mask_weared_incorrect 0.0019 204 16 223 31
mask_weared_incorrect 0.0013 210 19 226 31
mask_weared_incorrect 0.0012 344 26 356 38
mask_weared_incorrect 0.0012 294 56 309 79
mask_weared_incorrect 0.0011 261 49 292 110
with_mask 0.8822 208 72 247 114
with_mask 0.8733 356 110 399 196
with_mask 0.7287 276 20 289 32
with_mask 0.4638 287 62 328 116
with_mask 0.1684 0 119 14 168
with_mask 0.0578 262 54 290 106
with_mask 0.0450 96 25 103 31
with_mask 0.0369 341 28 354 41
with_mask 0.0221 321 19 332 30
with_mask 0.0174 317 19 329 31
with_mask 0.0142 340 31 354 46
with_mask 0.0077 319 14 334 30
with_mask 0.0069 324 18 335 33
with_mask 0.0062 264 49 281 70
with_mask 0.0060 273 19 291 38
with_mask 0.0058 270 18 285 30
with_mask 0.0057 266 21 278 30
with_mask 0.0056 318 16 328 27
with_mask 0.0049 197 25 218 46
with_mask 0.0048 320 20 333 35
with_mask 0.0047 344 26 356 38
with_mask 0.0047 199 18 220 34
with_mask 0.0044 210 19 226 31
with_mask 0.0042 312 20 325 33
with_mask 0.0040 312 20 321 29
with_mask 0.0040 95 22 105 33
with_mask 0.0034 205 16 223 28
with_mask 0.0033 250 42 303 122
with_mask 0.0031 -2 116 20 193
with_mask 0.0031 197 57 249 124
with_mask 0.0029 363 129 392 179
with_mask 0.0029 278 12 298 38
with_mask 0.0028 153 20 170 35
with_mask 0.0026 337 33 355 53
with_mask 0.0025 294 56 309 79
with_mask 0.0023 211 13 229 26
with_mask 0.0021 263 21 276 34
with_mask 0.0021 309 19 319 31
with_mask 0.0021 256 42 282 74
with_mask 0.0021 173 170 212 225
with_mask 0.0020 -10 79 44 208
with_mask 0.0019 191 21 223 51
with_mask 0.0016 290 49 308 86
with_mask 0.0015 265 38 300 101
with_mask 0.0014 201 13 219 27
with_mask 0.0014 311 16 331 42
with_mask 0.0013 162 160 224 236
with_mask 0.0013 -3 93 18 170
with_mask 0.0013 267 17 277 27
with_mask 0.0013 314 21 327 37
with_mask 0.0012 322 9 341 32
with_mask 0.0012 154 21 175 42
with_mask 0.0010 155 16 172 32
with_mask 0.0010 195 15 221 42
with_mask 0.0010 142 122 206 159
with_mask 0.0010 230 29 317 150
with_mask 0.0010 335 27 358 60
with_mask 0.0010 262 22 286 47
with_mask 0.0010 251 37 285 98
with_mask 0.0010 285 43 312 101
without_mask 0.2033 288 61 327 114
without_mask 0.0365 266 21 278 30
without_mask 0.0301 205 16 223 28
without_mask 0.0229 155 19 171 35
without_mask 0.0177 343 27 354 38
without_mask 0.0113 312 20 321 29
without_mask 0.0111 356 61 366 77
without_mask 0.0084 275 20 290 32
without_mask 0.0083 354 57 368 80
without_mask 0.0078 294 56 309 79
without_mask 0.0072 154 21 175 42
without_mask 0.0071 210 19 226 31
without_mask 0.0062 359 114 399 200
without_mask 0.0053 263 19 277 33
without_mask 0.0051 201 13 219 27
without_mask 0.0048 211 13 229 26
without_mask 0.0042 267 17 277 27
without_mask 0.0041 309 19 319 31
without_mask 0.0039 208 72 247 114
without_mask 0.0036 199 18 220 34
without_mask 0.0028 0 118 15 180
without_mask 0.0027 349 51 370 86
without_mask 0.0026 311 22 322 35
without_mask 0.0024 259 17 280 42
without_mask 0.0024 341 27 355 44
without_mask 0.0023 310 15 323 29
without_mask 0.0022 96 24 103 31
without_mask 0.0019 157 14 183 44
without_mask 0.0016 -2 133 16 201
without_mask 0.0014 153 11 174 36
without_mask 0.0013 270 18 285 30
without_mask 0.0013 265 53 294 105
without_mask 0.0013 309 20 325 39
without_mask 0.0013 343 33 355 46
without_mask 0.0013 290 49 308 86
without_mask 0.0012 264 46 280 66
without_mask 0.0012 343 24 357 40
without_mask 0.0012 321 17 332 29
without_mask 0.0011 206 8 234 32
without_mask 0.0011 325 20 334 30
without_mask 0.0010 339 29 350 42
without_mask 0.0010 284 44 313 93
without_mask 0.0010 142 3 171 38
