mask_weared_incorrect 0.0098 48 151 166 299
mask_weared_incorrect 0.0097 158 167 177 223
mask_weared_incorrect 0.0012 163 177 182 225
with_mask 0.8337 48 144 169 304
with_mask 0.0491 0 351 6 363
with_mask 0.0364 162 172 181 220
with_mask 0.0176 63 141 165 238
with_mask 0.0173 -3 349 8 369
with_mask 0.0072 -5 343 11 376
with_mask 0.0055 276 -12 351 115
with_mask 0.0045 152 156 178 219
with_mask 0.0032 197 339 216 362
with_mask 0.0021 246 -24 338 157
with_mask 0.0012 -12 331 14 381
with_mask 0.0010 194 332 219 366
without_mask 0.0159 159 170 178 223
without_mask 0.0037 52 150 170 298
without_mask 0.0017 0 351 6 363
without_mask 0.0013 151 160 176 233
without_mask 0.0010 154 174 173 218
