mask_weared_incorrect 0.0065 186 70 199 86
mask_weared_incorrect 0.0051 211 173 265 235
mask_weared_incorrect 0.0038 118 168 191 234
mask_weared_incorrect 0.0028 127 174 168 219
mask_weared_incorrect 0.0025 197 64 210 75
mask_weared_incorrect 0.0013 229 167 246 178
mask_weared_incorrect 0.0012 197 68 213 81
with_mask 0.6598 186 70 199 86
with_mask 0.2929 210 173 265 235
with_mask 0.0939 197 64 210 75
with_mask 0.0626 190 66 208 83
with_mask 0.0460 129 177 166 217
with_mask 0.0335 121 174 176 230
with_mask 0.0231 195 71 211 88
with_mask 0.0181 148 25 168 58
with_mask 0.0180 229 167 246 178
with_mask 0.0160 197 68 213 81
with_mask 0.0125 225 165 252 185
with_mask 0.0068 160 152 176 168
with_mask 0.0068 141 20 172 71
with_mask 0.0066 200 61 217 79
with_mask 0.0066 191 64 206 77
with_mask 0.0066 304 28 322 53
with_mask 0.0051 196 59 214 75
with_mask 0.0045 193 69 214 96
with_mask 0.0043 199 65 220 89
with_mask 0.0033 156 150 171 170
with_mask 0.0032 159 145 187 169
with_mask 0.0031 148 79 162 101
with_mask 0.0030 300 27 328 60
with_mask 0.0029 140 5 182 89
with_mask 0.0026 222 159 260 193
with_mask 0.0023 156 157 167 172
with_mask 0.0019 176 55 212 97
with_mask 0.0019 292 14 328 66
with_mask 0.0016 150 161 163 178
with_mask 0.0015 181 70 198 94
with_mask 0.0015 328 71 343 91
with_mask 0.0014 225 116 237 131
with_mask 0.0014 -8 121 6 149
with_mask 0.0014 5 73 19 96
with_mask 0.0014 145 162 182 197
with_mask 0.0014 143 158 160 182
with_mask 0.0013 168 147 197 179
with_mask 0.0012 119 60 132 80
with_mask 0.0011 145 71 166 109
with_mask 0.0010 193 49 223 90
with_mask 0.0010 154 145 175 176
with_mask 0.0010 73 75 93 103
without_mask 0.0065 150 161 163 178
without_mask 0.0048 197 65 210 75
without_mask 0.0042 123 173 174 227
without_mask 0.0035 211 173 265 235
without_mask 0.0030 229 167 246 178
without_mask 0.0024 186 70 199 87
without_mask 0.0022 153 160 167 181
without_mask 0.0020 197 68 213 81
without_mask 0.0015 195 71 211 88
without_mask 0.0015 143 158 160 182
without_mask 0.0014 365 203 409 256
