mask_weared_incorrect 0.1523 0 88 7 108
mask_weared_incorrect 0.0929 340 76 355 94
mask_weared_incorrect 0.0730 288 18 299 40
mask_weared_incorrect 0.0573 19 103 28 118
mask_weared_incorrect 0.0150 2 93 10 108
mask_weared_incorrect 0.0099 167 83 180 102
mask_weared_incorrect 0.0060 148 66 164 86
mask_weared_incorrect 0.0048 206 75 223 97
mask_weared_incorrect 0.0045 272 11 291 31
mask_weared_incorrect 0.0040 108 45 129 68
mask_weared_incorrect 0.0036 40 105 56 119
mask_weared_incorrect 0.0017 131 119 145 134
mask_weared_incorrect 0.0014 267 11 286 28
mask_weared_incorrect 0.0012 285 12 301 43
mask_weared_incorrect 0.0010 284 20 296 41
with_mask 0.8994 108 44 129 69
with_mask 0.8759 206 76 223 97
with_mask 0.8746 148 67 164 86
with_mask 0.8119 167 83 180 102
with_mask 0.7925 40 106 56 119
with_mask 0.4834 18 102 27 118
with_mask 0.2625 154 73 169 94
with_mask 0.0843 0 89 6 108
with_mask 0.0779 17 100 25 114
with_mask 0.0704 131 119 145 134
with_mask 0.0511 286 18 299 39
with_mask 0.0435 21 104 31 117
with_mask 0.0429 0 108 10 137
with_mask 0.0387 390 84 399 129
with_mask 0.0262 2 93 10 108
with_mask 0.0250 190 101 197 114
with_mask 0.0157 267 13 287 29
with_mask 0.0144 385 86 401 142
with_mask 0.0140 135 117 150 133
with_mask 0.0130 146 117 156 135
with_mask 0.0126 339 75 355 96
with_mask 0.0105 140 119 152 134
with_mask 0.0089 171 87 184 104
with_mask 0.0087 310 233 324 246
with_mask 0.0085 15 102 31 122
with_mask 0.0081 6 104 19 129
with_mask 0.0078 272 11 291 31
with_mask 0.0077 290 13 301 37
with_mask 0.0075 37 100 58 123
with_mask 0.0074 25 97 41 120
with_mask 0.0065 47 105 59 117
with_mask 0.0064 317 232 329 242
with_mask 0.0058 392 103 400 149
with_mask 0.0053 164 86 176 103
with_mask 0.0047 168 79 179 96
with_mask 0.0045 14 97 23 110
with_mask 0.0044 188 100 200 119
with_mask 0.0041 -5 104 12 144
with_mask 0.0040 372 51 409 148
with_mask 0.0039 -1 179 16 259
with_mask 0.0038 167 84 186 107
with_mask 0.0036 -1 90 13 122
with_mask 0.0035 13 94 25 113
with_mask 0.0033 132 114 153 141
with_mask 0.0031 383 58 403 126
with_mask 0.0030 189 94 200 110
with_mask 0.0029 183 97 206 133
with_mask 0.0029 -7 107 15 169
with_mask 0.0028 266 8 294 35
with_mask 0.0027 262 4 283 29
with_mask 0.0026 -2 103 21 154
with_mask 0.0025 346 74 363 101
with_mask 0.0025 200 67 222 99
with_mask 0.0025 144 61 167 93
with_mask 0.0024 317 228 333 246
with_mask 0.0024 320 102 358 181
with_mask 0.0023 147 111 164 132
with_mask 0.0023 304 232 325 251
with_mask 0.0018 197 86 207 105
with_mask 0.0017 179 119 195 152
with_mask 0.0017 139 112 154 134
with_mask 0.0015 346 14 401 111
with_mask 0.0014 107 37 126 62
with_mask 0.0014 309 227 336 252
with_mask 0.0014 290 10 309 44
with_mask 0.0013 196 60 230 103
with_mask 0.0013 336 80 351 97
with_mask 0.0013 -9 71 14 117
with_mask 0.0012 24 103 35 120
with_mask 0.0012 105 29 130 71
with_mask 0.0011 0 84 11 104
with_mask 0.0011 389 115 402 155
with_mask 0.0011 201 -114 415 129
with_mask 0.0011 120 107 150 148
with_mask 0.0010 177 110 198 163
with_mask 0.0010 180 97 199 122
with_mask 0.0010 195 78 209 106
with_mask 0.0010 185 90 199 113
without_mask 0.8111 339 76 355 95
without_mask 0.4704 288 18 299 38
without_mask 0.4094 0 89 8 106
without_mask 0.0625 273 12 290 30
without_mask 0.0317 19 103 28 118
without_mask 0.0195 284 21 296 40
without_mask 0.0170 2 93 10 108
without_mask 0.0095 267 11 286 28
without_mask 0.0085 346 74 363 101
without_mask 0.0054 167 83 180 102
without_mask 0.0051 285 13 303 44
without_mask 0.0044 336 70 357 101
without_mask 0.0037 336 78 352 98
without_mask 0.0034 148 66 163 87
without_mask 0.0033 268 17 286 34
without_mask 0.0032 43 104 57 117
without_mask 0.0025 207 75 223 97
without_mask 0.0023 190 101 198 113
without_mask 0.0022 18 100 25 111
without_mask 0.0022 268 13 294 40
without_mask 0.0020 131 118 144 134
without_mask 0.0019 24 103 35 120
without_mask 0.0019 280 25 298 49
without_mask 0.0018 -1 91 7 115
without_mask 0.0016 -2 169 19 254
without_mask 0.0015 108 45 129 68
without_mask 0.0014 332 60 367 102
without_mask 0.0012 149 112 163 132
without_mask 0.0011 185 90 199 113
without_mask 0.0011 146 118 156 133
without_mask 0.0011 171 87 184 104
without_mask 0.0011 154 73 169 94
without_mask 0.0011 38 106 54 119
without_mask 0.0010 321 58 374 117
without_mask 0.0010 -1 90 13 122
